Quantity of segments =     2048
a = 0.000000000000000E+00
b = 0.400000000000000E+01
Integral = 0.365746947447835E+01
