Quantity of segments =        2
a = 0.000000000000000E+00
b = 0.400000000000000E+01
Integral = 0.412800000000000E+04
