Quantity of segments =     2048
a = 0.0000000E+00
b = 0.2000000E+01
Integral = 0.4095999E+04
