Quantity of segments =    16384
a = 0.0000000E+00
b = 0.4000000E+01
Integral = 0.4096003E+04
