Quantity of segments =      512
a = 0.0000000E+00
b = 0.4000000E+01
Integral = 0.6553601E+05
